StatSong: Jellydog-Castlevania.xm
0	1	0.000000	1	3	
1	2	0.000000	0	3	
2	3	0.000000	0	3	
2	4	78.000000	1	3	
0	5	315.000000	0	1	
1	6	315.000000	1	2	
2	7	315.000000	1	2	
1	8	551.000000	1	1	
2	9	551.000000	1	1	
0	10	1260.000000	1	4	
1	11	1260.000000	0	4	
2	12	1260.000000	0	4	
2	13	1496.000000	0	2	
1	14	1614.000000	1	3	
2	15	1614.000000	1	3	
0	16	1851.000000	1	2	
1	17	1851.000000	0	1	
2	18	1851.000000	0	1	
1	19	2205.000000	0	2	
2	20	2205.000000	0	2	
1	21	2560.000000	0	3	
2	22	2560.000000	0	3	
0	23	2796.000000	0	1	
0	24	2796.000000	0	2	
1	25	2796.000000	1	1	
1	26	2796.000000	1	2	
2	27	2796.000000	1	1	
2	28	2914.000000	1	2	
0	29	3741.000000	0	3	
1	30	3741.000000	1	3	
2	31	3741.000000	1	3	
2	32	3859.000000	0	3	
0	33	4096.000000	1	1	
1	34	4096.000000	0	2	
2	35	4096.000000	0	2	
1	36	4332.000000	0	1	
2	37	4332.000000	0	1	
0	38	5041.000000	0	4	
1	39	5041.000000	1	4	
2	40	5041.000000	1	4	
2	41	5277.000000	1	2	
1	42	5395.000000	0	3	
2	43	5395.000000	0	3	
0	44	5632.000000	1	2	
1	45	5632.000000	1	1	
2	46	5632.000000	1	1	
1	47	5986.000000	1	2	
2	48	5986.000000	1	2	
1	49	6340.000000	1	3	
2	50	6340.000000	1	3	
0	51	6577.000000	0	1	
0	52	6577.000000	0	2	
1	53	6577.000000	0	1	
1	54	6577.000000	0	2	
2	55	6577.000000	0	1	
2	56	6695.000000	0	2	
0	57	7522.000000	1	1	
1	58	7522.000000	1	1	
2	59	7758.000000	0	3	
1	60	7995.000000	1	3	
2	61	8113.000000	1	1	
0	62	8467.000000	1	3	
1	63	8467.000000	1	2	
2	64	8467.000000	0	2	
2	65	8822.000000	1	4	
1	66	8940.000000	1	4	
0	67	9412.000000	1	2	
1	68	9412.000000	0	1	
2	69	9412.000000	1	1	
2	70	9767.000000	1	3	
0	71	9885.000000	1	4	
1	72	9885.000000	0	3	
2	73	10121.000000	1	2	
0	74	10358.000000	1	1	
1	75	10358.000000	0	2	
2	76	10358.000000	0	4	
2	77	10712.000000	0	1	
1	78	10830.000000	0	4	
2	79	11067.000000	0	3	
0	80	11303.000000	0	1	
1	81	11303.000000	1	1	
2	82	11539.000000	0	3	
1	83	11776.000000	1	3	
2	84	11894.000000	1	1	
0	85	12248.000000	0	3	
1	86	12248.000000	1	2	
2	87	12248.000000	0	2	
2	88	12603.000000	1	4	
1	89	12721.000000	1	4	
0	90	13193.000000	0	2	
1	91	13193.000000	0	1	
2	92	13193.000000	1	1	
2	93	13548.000000	1	3	
0	94	13666.000000	0	4	
1	95	13666.000000	0	3	
2	96	13902.000000	1	2	
0	97	14139.000000	0	1	
1	98	14139.000000	0	2	
2	99	14139.000000	0	4	
2	100	14493.000000	0	1	
1	101	14611.000000	0	4	
2	102	14848.000000	0	3	
0	103	15084.000000	1	1	
0	104	15084.000000	1	2	
1	105	15084.000000	1	2	
2	106	15084.000000	0	3	
2	107	15084.000000	0	4	
1	108	15438.000000	1	4	
2	109	15438.000000	1	4	
1	110	15793.000000	1	1	
2	111	15793.000000	1	1	
0	112	16029.000000	0	3	
0	113	16029.000000	0	4	
1	114	16029.000000	0	3	
2	115	16029.000000	0	1	
2	116	16029.000000	0	3	
1	117	16384.000000	0	1	
2	118	16384.000000	0	1	
1	119	16738.000000	0	4	
2	120	16738.000000	0	4	
0	121	16974.000000	0	1	
0	122	16974.000000	0	2	
1	123	16974.000000	0	2	
2	124	16974.000000	0	2	
2	125	16974.000000	0	3	
1	126	17329.000000	1	4	
2	127	17329.000000	1	4	
1	128	17683.000000	1	1	
2	129	17683.000000	1	1	
0	130	17920.000000	1	3	
0	131	17920.000000	1	4	
1	132	17920.000000	0	3	
2	133	17920.000000	0	1	
2	134	17920.000000	0	4	
0	135	18274.000000	0	3	
1	136	18274.000000	0	2	
2	137	18274.000000	0	2	
0	138	18865.000000	1	1	
0	139	18865.000000	1	2	
1	140	18865.000000	1	2	
2	141	18865.000000	0	2	
2	142	18865.000000	0	4	
1	143	19219.000000	1	4	
2	144	19219.000000	1	4	
1	145	19574.000000	1	1	
2	146	19574.000000	1	1	
0	147	19810.000000	0	3	
0	148	19810.000000	0	4	
1	149	19810.000000	0	3	
2	150	19810.000000	0	1	
2	151	19810.000000	0	2	
1	152	20164.000000	0	1	
2	153	20164.000000	0	1	
1	154	20519.000000	0	4	
2	155	20519.000000	0	4	
0	156	20755.000000	0	1	
0	157	20755.000000	0	2	
1	158	20755.000000	0	2	
2	159	20755.000000	0	1	
2	160	20755.000000	0	4	
1	161	21110.000000	1	4	
2	162	21110.000000	1	4	
1	163	21464.000000	1	1	
2	164	21464.000000	1	1	
0	165	21700.000000	1	3	
0	166	21700.000000	1	4	
1	167	21700.000000	0	3	
2	168	21700.000000	0	1	
2	169	21700.000000	0	3	
0	170	22055.000000	0	3	
1	171	22055.000000	0	2	
2	172	22055.000000	0	2	
1	173	22409.000000	1	4	
2	174	22409.000000	1	3	
0	175	22646.000000	1	1	
1	176	22646.000000	0	1	
2	177	22646.000000	0	1	
0	178	23000.000000	1	2	
1	179	23000.000000	0	2	
2	180	23000.000000	0	2	
0	181	24536.000000	1	3	
1	182	24536.000000	1	3	
2	183	24536.000000	1	3	
2	184	24772.000000	0	4	
0	185	25009.000000	0	3	
1	186	25009.000000	0	3	
2	187	25009.000000	0	3	
1	188	25127.000000	1	4	
2	189	25127.000000	1	4	
0	190	25481.000000	1	4	
1	191	25481.000000	1	1	
2	192	25481.000000	1	1	
2	193	25718.000000	0	2	
0	194	25954.000000	0	4	
1	195	25954.000000	0	1	
2	196	25954.000000	0	1	
1	197	26072.000000	1	2	
2	198	26072.000000	1	2	
0	199	26427.000000	1	1	
1	200	26427.000000	0	1	
2	201	26427.000000	0	1	
0	202	26781.000000	1	2	
1	203	26781.000000	0	2	
2	204	26781.000000	0	2	
0	205	28317.000000	1	3	
1	206	28317.000000	1	3	
2	207	28317.000000	1	3	
2	208	28553.000000	0	4	
0	209	28790.000000	0	3	
1	210	28790.000000	0	3	
2	211	28790.000000	0	3	
1	212	28908.000000	1	4	
2	213	28908.000000	1	4	
0	214	29262.000000	1	4	
1	215	29262.000000	1	1	
2	216	29262.000000	1	1	
2	217	29499.000000	0	2	
0	218	29735.000000	0	4	
1	219	29735.000000	0	1	
2	220	29735.000000	0	1	
1	221	29853.000000	1	2	
2	222	29853.000000	1	2	
0	223	30208.000000	1	3	
1	224	30208.000000	0	3	
2	225	30208.000000	0	3	
2	226	30326.000000	1	3	
StatSong complete.
