StatSong: RallyRemix.xm
0	1	0.000000	0	1	
1	2	0.000000	1	4	
2	3	0.000000	0	1	
2	4	392.000000	0	3	
2	5	597.000000	0	2	
0	6	802.000000	0	3	
1	7	802.000000	0	3	
2	8	802.000000	0	4	
1	9	1211.000000	0	2	
2	10	1211.000000	0	1	
0	11	1621.000000	0	2	
1	12	1621.000000	1	4	
2	13	1621.000000	0	4	
2	14	1826.000000	0	2	
0	15	2030.000000	0	4	
1	16	2030.000000	0	1	
2	17	2030.000000	0	3	
2	18	2235.000000	0	1	
0	19	2440.000000	0	1	
1	20	2440.000000	0	3	
2	21	2440.000000	0	3	
0	22	3259.000000	1	1	
1	23	3259.000000	1	1	
2	24	3259.000000	1	1	
2	25	3669.000000	1	4	
2	26	3874.000000	1	2	
0	27	4078.000000	1	4	
1	28	4078.000000	1	4	
2	29	4078.000000	1	3	
1	30	4488.000000	1	2	
2	31	4488.000000	1	1	
0	32	4898.000000	1	2	
1	33	4898.000000	1	3	
2	34	4898.000000	1	3	
2	35	5102.000000	1	2	
0	36	5307.000000	1	3	
1	37	5307.000000	1	1	
2	38	5307.000000	1	4	
2	39	5512.000000	1	1	
0	40	5717.000000	1	1	
1	41	5717.000000	1	4	
2	42	5717.000000	1	3	
0	43	6536.000000	0	1	
0	44	6536.000000	0	2	
1	45	6536.000000	0	1	
1	46	6536.000000	0	3	
2	47	6536.000000	0	1	
2	48	6536.000000	0	3	
2	49	6946.000000	0	2	
2	50	6946.000000	0	4	
0	51	7355.000000	0	3	
0	52	7355.000000	0	4	
1	53	7355.000000	1	1	
1	54	7355.000000	1	4	
2	55	7355.000000	1	1	
2	56	7355.000000	1	4	
0	57	8174.000000	1	1	
0	58	8174.000000	1	2	
1	59	8174.000000	1	2	
1	60	8174.000000	1	3	
2	61	8174.000000	1	2	
2	62	8174.000000	1	3	
2	63	8584.000000	1	1	
2	64	8584.000000	1	3	
0	65	8994.000000	1	3	
0	66	8994.000000	1	4	
1	67	8994.000000	0	2	
1	68	8994.000000	0	4	
2	69	8994.000000	0	2	
2	70	8994.000000	0	4	
0	71	9813.000000	1	3	
1	72	9813.000000	0	1	
1	73	9813.000000	0	4	
2	74	9813.000000	0	1	
2	75	9813.000000	0	4	
0	76	10222.000000	1	1	
2	77	10222.000000	1	3	
2	78	10427.000000	1	2	
0	79	10632.000000	1	3	
1	80	10632.000000	1	2	
1	81	10632.000000	1	3	
2	82	10632.000000	1	3	
0	83	11042.000000	1	2	
0	84	11451.000000	1	4	
1	85	11451.000000	0	2	
1	86	11451.000000	0	4	
2	87	11451.000000	0	2	
2	88	11451.000000	0	3	
0	89	11861.000000	1	1	
2	90	11861.000000	1	2	
2	91	12066.000000	1	4	
0	92	12270.000000	1	3	
1	93	12270.000000	1	1	
1	94	12270.000000	1	3	
2	95	12270.000000	1	2	
0	96	13090.000000	1	2	
1	97	13090.000000	1	2	
2	98	13090.000000	1	2	
1	99	13482.000000	1	1	
2	100	13482.000000	1	1	
2	101	13687.000000	1	3	
0	102	13892.000000	0	3	
1	103	13892.000000	0	3	
2	104	13892.000000	1	4	
1	105	14301.000000	1	1	
2	106	14301.000000	1	1	
2	107	14301.000000	1	2	
0	108	14711.000000	1	1	
1	109	14711.000000	1	4	
2	110	14711.000000	1	4	
0	111	15121.000000	0	2	
1	112	15121.000000	0	2	
2	113	15121.000000	0	2	
2	114	15325.000000	1	1	
0	115	15530.000000	1	3	
1	116	15530.000000	0	3	
2	117	15530.000000	1	3	
2	118	15940.000000	1	3	
2	119	15940.000000	1	4	
0	120	16349.000000	1	2	
1	121	16349.000000	1	2	
2	122	16349.000000	1	2	
1	123	16759.000000	1	1	
2	124	16759.000000	1	1	
2	125	16964.000000	1	3	
0	126	17169.000000	0	3	
1	127	17169.000000	0	3	
2	128	17169.000000	1	4	
1	129	17578.000000	1	1	
2	130	17578.000000	1	1	
2	131	17578.000000	1	2	
0	132	17988.000000	1	1	
1	133	17988.000000	1	4	
2	134	17988.000000	1	4	
0	135	18397.000000	0	2	
1	136	18397.000000	0	2	
2	137	18397.000000	0	2	
2	138	18602.000000	1	1	
0	139	18807.000000	1	3	
1	140	18807.000000	0	3	
2	141	18807.000000	1	3	
2	142	19217.000000	1	3	
2	143	19217.000000	1	4	
0	144	19626.000000	0	2	
1	145	19626.000000	0	2	
2	146	19626.000000	0	2	
0	147	20053.000000	1	3	
1	148	20053.000000	1	3	
2	149	20053.000000	1	3	
2	150	20258.000000	1	1	
0	151	20462.000000	0	4	
1	152	20462.000000	0	4	
2	153	20462.000000	0	4	
0	154	20872.000000	1	1	
1	155	20872.000000	1	1	
1	156	20872.000000	1	4	
2	157	20872.000000	1	1	
2	158	20872.000000	1	4	
0	159	21282.000000	1	2	
1	160	21282.000000	1	2	
2	161	21282.000000	1	2	
0	162	21691.000000	0	3	
1	163	21691.000000	0	3	
2	164	21691.000000	0	3	
2	165	21896.000000	1	1	
0	166	22101.000000	1	4	
1	167	22101.000000	1	4	
2	168	22101.000000	1	4	
0	169	22510.000000	1	2	
1	170	22510.000000	1	2	
1	171	22510.000000	1	3	
2	172	22510.000000	1	2	
2	173	22510.000000	1	3	
0	174	22920.000000	0	2	
1	175	22920.000000	0	2	
2	176	22920.000000	0	2	
0	177	23330.000000	0	3	
1	178	23330.000000	0	3	
2	179	23330.000000	0	3	
2	180	23534.000000	1	1	
0	181	23739.000000	1	4	
1	182	23739.000000	1	4	
2	183	23739.000000	1	4	
0	184	24149.000000	0	1	
1	185	24149.000000	0	1	
1	186	24149.000000	0	4	
2	187	24149.000000	0	1	
2	188	24149.000000	0	4	
0	189	24558.000000	1	2	
1	190	24558.000000	1	1	
1	191	24558.000000	1	2	
2	192	24558.000000	1	2	
2	193	24558.000000	1	3	
0	194	24968.000000	1	3	
1	195	24968.000000	1	3	
1	196	24968.000000	1	4	
2	197	24968.000000	1	2	
2	198	24968.000000	1	4	
0	199	25173.000000	0	3	
0	200	25378.000000	1	3	
1	201	25378.000000	1	1	
1	202	25378.000000	1	2	
2	203	25378.000000	0	1	
2	204	25378.000000	0	3	
0	205	26197.000000	0	2	
1	206	26197.000000	0	2	
2	207	26197.000000	0	2	
0	208	26606.000000	1	3	
1	209	26606.000000	1	3	
2	210	26606.000000	1	3	
2	211	26811.000000	1	1	
0	212	27016.000000	0	4	
1	213	27016.000000	0	4	
2	214	27016.000000	0	4	
0	215	27426.000000	1	1	
1	216	27426.000000	1	1	
1	217	27426.000000	1	4	
2	218	27426.000000	1	1	
2	219	27426.000000	1	4	
0	220	27835.000000	1	2	
1	221	27835.000000	1	2	
2	222	27835.000000	1	2	
0	223	28245.000000	0	3	
1	224	28245.000000	0	3	
2	225	28245.000000	0	3	
2	226	28450.000000	1	1	
0	227	28654.000000	1	4	
1	228	28654.000000	1	4	
2	229	28654.000000	1	4	
0	230	29064.000000	1	2	
1	231	29064.000000	1	2	
1	232	29064.000000	1	3	
2	233	29064.000000	1	2	
2	234	29064.000000	1	3	
0	235	29474.000000	1	2	
1	236	29474.000000	1	2	
2	237	29474.000000	1	2	
0	238	29883.000000	1	3	
1	239	29883.000000	1	3	
2	240	29883.000000	1	3	
2	241	30088.000000	1	1	
0	242	30293.000000	1	4	
1	243	30293.000000	1	4	
2	244	30293.000000	1	4	
0	245	30702.000000	1	1	
1	246	30702.000000	1	1	
1	247	30702.000000	1	4	
2	248	30702.000000	1	1	
2	249	30702.000000	1	4	
0	250	31112.000000	1	2	
1	251	31112.000000	1	2	
2	252	31112.000000	1	2	
0	253	31522.000000	1	3	
1	254	31522.000000	1	3	
2	255	31522.000000	1	3	
2	256	31726.000000	1	1	
0	257	31931.000000	1	4	
1	258	31931.000000	1	4	
2	259	31931.000000	1	4	
0	260	32341.000000	1	2	
1	261	32341.000000	1	2	
1	262	32341.000000	1	3	
2	263	32341.000000	1	2	
2	264	32341.000000	1	3	
0	265	32750.000000	0	1	
1	266	32750.000000	1	4	
2	267	32750.000000	0	1	
2	268	33160.000000	0	3	
2	269	33365.000000	0	2	
0	270	33570.000000	0	3	
1	271	33570.000000	0	3	
2	272	33570.000000	0	4	
1	273	33979.000000	0	2	
2	274	33979.000000	0	1	
0	275	34389.000000	0	2	
1	276	34389.000000	1	4	
2	277	34389.000000	0	4	
2	278	34594.000000	0	2	
0	279	34798.000000	0	4	
1	280	34798.000000	0	1	
2	281	34798.000000	0	3	
2	282	35003.000000	0	1	
0	283	35208.000000	0	1	
1	284	35208.000000	0	3	
2	285	35208.000000	0	3	
0	286	36027.000000	1	1	
1	287	36027.000000	1	1	
2	288	36027.000000	1	1	
2	289	36437.000000	1	4	
2	290	36642.000000	1	2	
0	291	36846.000000	1	4	
1	292	36846.000000	1	4	
2	293	36846.000000	1	3	
1	294	37256.000000	1	2	
2	295	37256.000000	1	1	
0	296	37666.000000	1	2	
1	297	37666.000000	1	3	
2	298	37666.000000	1	3	
2	299	37870.000000	1	2	
0	300	38075.000000	1	3	
1	301	38075.000000	1	1	
2	302	38075.000000	1	4	
2	303	38280.000000	1	1	
0	304	38485.000000	1	1	
1	305	38485.000000	1	4	
2	306	38485.000000	1	3	
0	307	39304.000000	0	1	
0	308	39304.000000	0	2	
1	309	39304.000000	0	1	
1	310	39304.000000	0	3	
2	311	39304.000000	0	1	
2	312	39304.000000	0	3	
2	313	39714.000000	0	2	
2	314	39714.000000	0	4	
0	315	40123.000000	0	3	
0	316	40123.000000	0	4	
1	317	40123.000000	1	1	
1	318	40123.000000	1	4	
2	319	40123.000000	1	1	
2	320	40123.000000	1	4	
0	321	40942.000000	1	1	
0	322	40942.000000	1	2	
1	323	40942.000000	1	2	
1	324	40942.000000	1	3	
2	325	40942.000000	1	2	
2	326	40942.000000	1	3	
2	327	41352.000000	1	1	
2	328	41352.000000	1	3	
0	329	41762.000000	1	3	
0	330	41762.000000	1	4	
1	331	41762.000000	0	2	
1	332	41762.000000	0	4	
2	333	41762.000000	0	2	
2	334	41762.000000	0	4	
0	335	42581.000000	1	3	
1	336	42581.000000	0	1	
1	337	42581.000000	0	4	
2	338	42581.000000	0	1	
2	339	42581.000000	0	4	
0	340	42990.000000	1	1	
2	341	42990.000000	1	3	
2	342	43195.000000	1	2	
0	343	43400.000000	1	3	
1	344	43400.000000	1	2	
1	345	43400.000000	1	3	
2	346	43400.000000	1	3	
0	347	43810.000000	1	2	
0	348	44219.000000	1	4	
1	349	44219.000000	0	2	
1	350	44219.000000	0	4	
2	351	44219.000000	0	2	
2	352	44219.000000	0	3	
0	353	44629.000000	1	1	
2	354	44629.000000	1	2	
2	355	44834.000000	1	4	
0	356	45038.000000	1	3	
1	357	45038.000000	1	1	
1	358	45038.000000	1	3	
2	359	45038.000000	1	2	
StatSong complete.
