StatSong: Mushrooms.it
0	1	0.000000	0	4	
1	2	0.000000	0	4	
2	3	0.000000	1	4	
0	4	612.000000	1	3	
1	5	612.000000	1	3	
2	6	612.000000	1	3	
1	7	933.000000	0	2	
2	8	933.000000	0	2	
0	9	1255.000000	0	2	
1	10	1255.000000	0	1	
2	11	1255.000000	0	1	
0	12	1576.000000	1	1	
1	13	1576.000000	0	3	
2	14	1576.000000	1	3	
0	15	1897.000000	1	2	
1	16	1897.000000	1	4	
2	17	1897.000000	0	1	
2	18	1897.000000	0	3	
0	19	2540.000000	0	3	
1	20	2540.000000	1	3	
2	21	2540.000000	0	3	
0	22	3182.000000	1	4	
1	23	3182.000000	1	1	
2	24	3182.000000	1	1	
1	25	3503.000000	1	2	
2	26	3503.000000	1	2	
0	27	3825.000000	1	1	
1	28	3825.000000	0	3	
2	29	3825.000000	0	3	
0	30	4146.000000	0	2	
1	31	4146.000000	0	1	
2	32	4146.000000	1	1	
0	33	4467.000000	0	1	
1	34	4467.000000	0	2	
2	35	4467.000000	0	1	
2	36	4467.000000	0	4	
0	37	5110.000000	1	1	
1	38	5110.000000	1	1	
2	39	5110.000000	1	1	
2	40	5110.000000	1	4	
0	41	5752.000000	1	2	
1	42	5752.000000	1	2	
2	43	5752.000000	1	2	
1	44	6073.000000	1	3	
2	45	6073.000000	1	3	
0	46	6395.000000	1	3	
1	47	6395.000000	1	4	
2	48	6395.000000	1	4	
1	49	6716.000000	1	1	
2	50	6716.000000	1	1	
0	51	7037.000000	1	4	
1	52	7037.000000	1	2	
2	53	7037.000000	1	1	
2	54	7037.000000	1	3	
0	55	7680.000000	0	1	
1	56	7680.000000	0	1	
2	57	7680.000000	0	2	
2	58	7680.000000	0	4	
0	59	8322.000000	0	2	
1	60	8322.000000	0	2	
2	61	8322.000000	0	2	
1	62	8643.000000	0	3	
2	63	8643.000000	0	3	
0	64	8965.000000	0	3	
1	65	8965.000000	0	4	
2	66	8965.000000	0	4	
1	67	9286.000000	0	1	
2	68	9286.000000	0	1	
0	69	9607.000000	0	4	
1	70	9607.000000	0	2	
2	71	9607.000000	0	2	
2	72	9607.000000	0	3	
0	73	10250.000000	0	4	
1	74	10250.000000	0	4	
2	75	10250.000000	1	4	
0	76	10892.000000	1	3	
1	77	10892.000000	1	3	
2	78	10892.000000	1	3	
1	79	11214.000000	0	2	
2	80	11214.000000	0	2	
0	81	11535.000000	0	2	
1	82	11535.000000	0	1	
2	83	11535.000000	0	1	
0	84	11856.000000	1	1	
1	85	11856.000000	0	3	
2	86	11856.000000	1	3	
0	87	12177.000000	1	2	
1	88	12177.000000	1	4	
2	89	12177.000000	0	1	
2	90	12177.000000	0	3	
0	91	12820.000000	0	3	
1	92	12820.000000	1	3	
2	93	12820.000000	0	3	
0	94	13462.000000	1	4	
1	95	13462.000000	1	1	
2	96	13462.000000	1	1	
1	97	13784.000000	1	2	
2	98	13784.000000	1	2	
0	99	14105.000000	1	1	
1	100	14105.000000	0	3	
2	101	14105.000000	0	3	
0	102	14426.000000	0	2	
1	103	14426.000000	0	1	
2	104	14426.000000	1	1	
0	105	14747.000000	0	1	
1	106	14747.000000	0	2	
2	107	14747.000000	0	1	
2	108	14747.000000	0	4	
0	109	15390.000000	1	1	
1	110	15390.000000	1	1	
2	111	15390.000000	1	1	
2	112	15390.000000	1	4	
0	113	16032.000000	1	2	
1	114	16032.000000	1	2	
2	115	16032.000000	1	2	
1	116	16354.000000	1	3	
2	117	16354.000000	1	3	
0	118	16675.000000	1	3	
1	119	16675.000000	1	4	
2	120	16675.000000	1	4	
1	121	16996.000000	1	1	
2	122	16996.000000	1	1	
0	123	17317.000000	1	4	
1	124	17317.000000	1	2	
2	125	17317.000000	1	1	
2	126	17317.000000	1	3	
0	127	17960.000000	0	1	
1	128	17960.000000	0	1	
2	129	17960.000000	0	2	
2	130	17960.000000	0	4	
0	131	18602.000000	0	2	
1	132	18602.000000	0	2	
2	133	18602.000000	0	2	
1	134	18924.000000	0	3	
2	135	18924.000000	0	3	
0	136	19245.000000	0	3	
1	137	19245.000000	0	4	
2	138	19245.000000	0	4	
1	139	19566.000000	0	1	
2	140	19566.000000	0	1	
0	141	19887.000000	0	4	
1	142	19887.000000	0	2	
2	143	19887.000000	0	2	
2	144	19887.000000	0	3	
0	145	20530.000000	0	3	
1	146	20530.000000	0	3	
1	147	20530.000000	0	4	
2	148	20530.000000	0	3	
2	149	20530.000000	0	4	
0	150	21815.000000	0	2	
1	151	21815.000000	1	3	
2	152	21815.000000	1	3	
0	153	22457.000000	0	4	
1	154	22457.000000	1	4	
2	155	22457.000000	1	4	
0	156	23100.000000	0	1	
1	157	23100.000000	0	1	
1	158	23100.000000	0	2	
2	159	23100.000000	0	1	
2	160	23100.000000	0	2	
0	161	24385.000000	1	3	
1	162	24385.000000	1	2	
2	163	24385.000000	1	2	
0	164	25027.000000	1	2	
1	165	25027.000000	1	1	
2	166	25027.000000	1	1	
0	167	25670.000000	0	1	
0	168	25670.000000	0	2	
1	169	25670.000000	1	2	
1	170	25670.000000	1	3	
2	171	25670.000000	1	2	
2	172	25670.000000	1	3	
2	173	26312.000000	1	1	
2	174	26312.000000	1	4	
1	175	26955.000000	1	2	
1	176	26955.000000	1	4	
2	177	26955.000000	1	2	
2	178	26955.000000	1	4	
2	179	27598.000000	1	1	
2	180	27598.000000	1	3	
0	181	28240.000000	0	3	
0	182	28240.000000	0	4	
1	183	28240.000000	1	1	
1	184	28240.000000	1	4	
2	185	28240.000000	0	1	
2	186	28240.000000	0	4	
2	187	28883.000000	0	2	
2	188	28883.000000	0	4	
1	189	29525.000000	1	1	
1	190	29525.000000	1	3	
2	191	29525.000000	0	1	
2	192	29525.000000	0	3	
0	193	30168.000000	1	3	
2	194	30168.000000	0	2	
2	195	30168.000000	0	3	
0	196	30489.000000	1	4	
0	197	30810.000000	0	4	
1	198	30810.000000	0	4	
2	199	30810.000000	1	4	
0	200	31453.000000	1	3	
1	201	31453.000000	1	3	
2	202	31453.000000	1	3	
1	203	31774.000000	0	2	
2	204	31774.000000	0	2	
0	205	32095.000000	0	2	
1	206	32095.000000	0	1	
2	207	32095.000000	0	1	
0	208	32416.000000	1	1	
1	209	32416.000000	0	3	
2	210	32416.000000	1	3	
0	211	32738.000000	1	2	
1	212	32738.000000	1	4	
2	213	32738.000000	0	1	
2	214	32738.000000	0	3	
0	215	33380.000000	0	3	
1	216	33380.000000	1	3	
2	217	33380.000000	0	3	
0	218	34023.000000	1	4	
1	219	34023.000000	1	1	
2	220	34023.000000	1	1	
1	221	34344.000000	1	2	
2	222	34344.000000	1	2	
0	223	34665.000000	1	1	
1	224	34665.000000	0	3	
2	225	34665.000000	0	3	
0	226	34986.000000	0	2	
1	227	34986.000000	0	1	
2	228	34986.000000	1	1	
0	229	35308.000000	0	1	
1	230	35308.000000	0	2	
2	231	35308.000000	0	1	
2	232	35308.000000	0	4	
0	233	35950.000000	1	1	
1	234	35950.000000	1	1	
2	235	35950.000000	1	1	
2	236	35950.000000	1	4	
0	237	36593.000000	1	2	
1	238	36593.000000	1	2	
2	239	36593.000000	1	2	
1	240	36914.000000	1	3	
2	241	36914.000000	1	3	
0	242	37235.000000	1	3	
1	243	37235.000000	1	4	
2	244	37235.000000	1	4	
1	245	37556.000000	1	1	
2	246	37556.000000	1	1	
0	247	37878.000000	1	4	
1	248	37878.000000	1	2	
2	249	37878.000000	1	1	
2	250	37878.000000	1	3	
0	251	38520.000000	0	1	
1	252	38520.000000	0	1	
2	253	38520.000000	0	2	
2	254	38520.000000	0	4	
0	255	39163.000000	0	2	
1	256	39163.000000	0	2	
2	257	39163.000000	0	2	
1	258	39484.000000	0	3	
2	259	39484.000000	0	3	
0	260	39805.000000	0	3	
1	261	39805.000000	0	4	
2	262	39805.000000	0	4	
1	263	40126.000000	0	1	
2	264	40126.000000	0	1	
0	265	40448.000000	0	4	
1	266	40448.000000	0	2	
2	267	40448.000000	0	2	
2	268	40448.000000	0	3	
0	269	41090.000000	0	4	
1	270	41090.000000	0	4	
2	271	41090.000000	1	4	
0	272	41733.000000	1	3	
1	273	41733.000000	1	3	
2	274	41733.000000	1	3	
1	275	42054.000000	0	2	
2	276	42054.000000	0	2	
0	277	42375.000000	0	2	
1	278	42375.000000	0	1	
2	279	42375.000000	0	1	
0	280	42696.000000	1	1	
1	281	42696.000000	0	3	
2	282	42696.000000	1	3	
0	283	43018.000000	1	2	
1	284	43018.000000	1	4	
2	285	43018.000000	0	1	
2	286	43018.000000	0	3	
0	287	43660.000000	0	3	
1	288	43660.000000	1	3	
2	289	43660.000000	0	3	
0	290	44303.000000	1	4	
1	291	44303.000000	1	1	
2	292	44303.000000	1	1	
1	293	44624.000000	1	2	
2	294	44624.000000	1	2	
0	295	44945.000000	1	1	
1	296	44945.000000	0	3	
2	297	44945.000000	0	3	
0	298	45267.000000	0	2	
1	299	45267.000000	0	1	
2	300	45267.000000	1	1	
0	301	45588.000000	0	1	
1	302	45588.000000	0	2	
2	303	45588.000000	0	1	
2	304	45588.000000	0	4	
0	305	46230.000000	0	1	
1	306	46230.000000	0	1	
2	307	46230.000000	1	1	
0	308	46873.000000	1	4	
1	309	46873.000000	1	4	
2	310	46873.000000	1	4	
1	311	47194.000000	1	3	
2	312	47194.000000	0	3	
0	313	47515.000000	0	3	
1	314	47515.000000	0	2	
2	315	47515.000000	0	2	
0	316	47837.000000	1	2	
1	317	47837.000000	0	4	
2	318	47837.000000	1	4	
0	319	48158.000000	1	3	
1	320	48158.000000	1	1	
2	321	48158.000000	0	1	
2	322	48158.000000	0	4	
0	323	48800.000000	0	4	
1	324	48800.000000	1	4	
2	325	48800.000000	0	4	
0	326	49443.000000	1	1	
1	327	49443.000000	1	2	
2	328	49443.000000	1	2	
1	329	49764.000000	1	3	
2	330	49764.000000	1	3	
0	331	50085.000000	1	2	
1	332	50085.000000	0	4	
2	333	50085.000000	0	4	
0	334	50407.000000	0	3	
1	335	50407.000000	0	2	
2	336	50407.000000	1	2	
0	337	50728.000000	1	2	
1	338	50728.000000	0	3	
2	339	50728.000000	1	2	
2	340	50728.000000	1	4	
0	341	51370.000000	0	1	
0	342	51370.000000	0	2	
1	343	51370.000000	1	2	
1	344	51370.000000	1	3	
2	345	51370.000000	1	2	
2	346	51370.000000	1	3	
2	347	52013.000000	1	1	
2	348	52013.000000	1	4	
1	349	52655.000000	1	2	
1	350	52655.000000	1	4	
2	351	52655.000000	1	2	
2	352	52655.000000	1	4	
2	353	53298.000000	1	1	
2	354	53298.000000	1	3	
0	355	53940.000000	0	3	
0	356	53940.000000	0	4	
1	357	53940.000000	1	1	
1	358	53940.000000	1	4	
2	359	53940.000000	0	1	
2	360	53940.000000	0	4	
2	361	54583.000000	0	2	
2	362	54583.000000	0	4	
1	363	55225.000000	1	1	
1	364	55225.000000	1	3	
2	365	55225.000000	0	1	
2	366	55225.000000	0	3	
0	367	55868.000000	1	3	
2	368	55868.000000	0	2	
2	369	55868.000000	0	3	
0	370	56189.000000	1	4	
StatSong complete.
