StatSong: Bloody tears.it
0	1	4132.000000	0	4	
1	2	4132.000000	0	4	
2	3	4132.000000	0	4	
1	4	4664.000000	0	2	
2	5	4664.000000	0	2	
0	6	5196.000000	0	2	
1	7	5196.000000	1	4	
2	8	5196.000000	1	4	
1	9	5462.000000	1	2	
2	10	5462.000000	1	2	
1	11	5728.000000	1	3	
2	12	5728.000000	1	3	
1	13	5994.000000	1	1	
2	14	5994.000000	1	1	
0	15	6260.000000	0	3	
1	16	6260.000000	0	4	
2	17	6260.000000	0	4	
1	18	6792.000000	0	2	
2	19	6792.000000	0	2	
0	20	7324.000000	0	1	
1	21	7324.000000	1	1	
2	22	7324.000000	1	1	
1	23	7590.000000	1	3	
2	24	7590.000000	1	3	
1	25	7856.000000	1	2	
2	26	7856.000000	1	2	
1	27	8122.000000	1	4	
2	28	8122.000000	1	4	
0	29	8388.000000	1	2	
1	30	8388.000000	1	2	
2	31	8388.000000	1	2	
2	32	8654.000000	1	3	
0	33	8787.000000	1	3	
0	34	8787.000000	1	4	
1	35	8787.000000	1	3	
1	36	8787.000000	1	4	
2	37	8787.000000	1	3	
2	38	8787.000000	1	4	
0	39	9984.000000	0	3	
1	40	9984.000000	1	1	
2	41	9984.000000	1	1	
1	42	10250.000000	0	3	
2	43	10250.000000	0	3	
0	44	10516.000000	0	1	
1	45	10516.000000	0	1	
2	46	10516.000000	0	1	
0	47	10915.000000	0	2	
1	48	10915.000000	0	2	
2	49	10915.000000	0	2	
0	50	11314.000000	1	3	
1	51	11314.000000	1	1	
1	52	11314.000000	1	2	
2	53	11314.000000	1	1	
2	54	11314.000000	1	2	
1	55	12112.000000	0	3	
2	56	12112.000000	0	3	
1	57	12378.000000	0	1	
2	58	12378.000000	0	1	
0	59	12644.000000	0	2	
1	60	12644.000000	0	2	
2	61	12644.000000	0	2	
2	62	12910.000000	1	3	
0	63	13043.000000	0	3	
0	64	13043.000000	0	4	
1	65	13043.000000	0	3	
1	66	13043.000000	0	4	
2	67	13043.000000	0	3	
2	68	13043.000000	0	4	
0	69	14240.000000	1	1	
1	70	14240.000000	1	1	
2	71	14240.000000	1	1	
1	72	14505.000000	0	3	
2	73	14505.000000	0	3	
0	74	14771.000000	0	1	
1	75	14771.000000	0	1	
2	76	14771.000000	0	1	
0	77	15170.000000	1	3	
1	78	15170.000000	1	3	
1	79	15170.000000	1	4	
2	80	15170.000000	1	3	
2	81	15170.000000	1	4	
0	82	15835.000000	0	2	
1	83	15835.000000	0	2	
2	84	15835.000000	0	2	
0	85	16234.000000	1	1	
1	86	16234.000000	1	3	
2	87	16234.000000	1	3	
0	88	16899.000000	1	2	
1	89	16899.000000	0	2	
2	90	16899.000000	0	2	
2	91	17165.000000	0	3	
0	92	17298.000000	1	3	
0	93	17298.000000	1	4	
1	94	17298.000000	1	3	
1	95	17298.000000	1	4	
2	96	17298.000000	1	3	
2	97	17298.000000	1	4	
0	98	18495.000000	0	3	
1	99	18495.000000	1	1	
2	100	18495.000000	1	1	
1	101	18761.000000	0	3	
2	102	18761.000000	0	3	
0	103	19027.000000	0	1	
1	104	19027.000000	0	1	
2	105	19027.000000	0	1	
0	106	19426.000000	0	2	
1	107	19426.000000	1	2	
2	108	19426.000000	1	2	
0	109	19825.000000	0	3	
1	110	19825.000000	1	1	
1	111	19825.000000	1	2	
2	112	19825.000000	1	1	
2	113	19825.000000	1	2	
1	114	20623.000000	0	3	
2	115	20623.000000	0	3	
1	116	20889.000000	0	1	
2	117	20889.000000	0	1	
0	118	21155.000000	0	2	
1	119	21155.000000	0	2	
2	120	21155.000000	0	2	
2	121	21421.000000	0	3	
0	122	21554.000000	0	3	
0	123	21554.000000	0	4	
1	124	21554.000000	0	3	
1	125	21554.000000	0	4	
2	126	21554.000000	0	3	
2	127	21554.000000	0	4	
0	128	22751.000000	1	1	
1	129	22751.000000	1	1	
2	130	22751.000000	1	1	
1	131	23017.000000	0	3	
2	132	23017.000000	0	3	
0	133	23283.000000	0	1	
1	134	23283.000000	0	1	
2	135	23283.000000	0	1	
0	136	23682.000000	0	3	
1	137	23682.000000	1	3	
1	138	23682.000000	1	4	
2	139	23682.000000	1	3	
2	140	23682.000000	1	4	
0	141	24347.000000	0	2	
1	142	24347.000000	0	2	
2	143	24347.000000	0	2	
0	144	24745.000000	1	1	
1	145	24878.000000	1	3	
2	146	24878.000000	1	3	
0	147	25410.000000	1	4	
1	148	25410.000000	0	4	
2	149	25410.000000	0	1	
2	150	25410.000000	0	3	
1	151	25942.000000	0	2	
2	152	25942.000000	1	2	
2	153	25942.000000	1	4	
0	154	26474.000000	1	2	
1	155	26474.000000	1	4	
2	156	26474.000000	1	4	
1	157	26740.000000	1	2	
2	158	26740.000000	1	2	
1	159	27006.000000	1	3	
2	160	27006.000000	1	3	
1	161	27272.000000	1	1	
2	162	27272.000000	1	1	
0	163	27538.000000	1	3	
1	164	27538.000000	0	4	
2	165	27538.000000	0	1	
2	166	27538.000000	0	3	
1	167	27937.000000	0	2	
2	168	27937.000000	1	2	
2	169	27937.000000	1	4	
0	170	28602.000000	1	1	
1	171	28602.000000	1	1	
2	172	28602.000000	1	1	
1	173	28868.000000	1	3	
2	174	28868.000000	1	3	
1	175	29134.000000	1	2	
2	176	29134.000000	1	2	
1	177	29400.000000	1	4	
2	178	29400.000000	1	4	
0	179	29666.000000	0	4	
1	180	29666.000000	0	4	
2	181	29666.000000	1	1	
2	182	29666.000000	1	3	
1	183	30065.000000	0	2	
2	184	30065.000000	0	2	
2	185	30065.000000	0	4	
0	186	30730.000000	0	2	
1	187	30730.000000	1	4	
2	188	30730.000000	1	4	
1	189	30996.000000	1	2	
2	190	30996.000000	1	2	
1	191	31262.000000	1	3	
2	192	31262.000000	1	3	
1	193	31528.000000	1	1	
2	194	31528.000000	1	1	
0	195	31794.000000	0	3	
1	196	31794.000000	0	4	
2	197	31794.000000	0	1	
2	198	31794.000000	0	3	
1	199	32193.000000	0	2	
2	200	32193.000000	1	2	
2	201	32193.000000	1	4	
0	202	32858.000000	0	1	
1	203	32858.000000	1	1	
2	204	32858.000000	1	1	
1	205	33124.000000	1	3	
2	206	33124.000000	1	3	
1	207	33390.000000	1	2	
2	208	33390.000000	1	2	
1	209	33523.000000	1	4	
2	210	33523.000000	1	4	
0	211	33922.000000	1	2	
1	212	33922.000000	1	2	
2	213	33922.000000	1	2	
2	214	34188.000000	1	1	
0	215	34321.000000	1	3	
0	216	34321.000000	1	4	
1	217	34321.000000	1	3	
1	218	34321.000000	1	4	
2	219	34321.000000	1	3	
2	220	34321.000000	1	4	
0	221	35517.000000	1	1	
1	222	35517.000000	1	1	
2	223	35517.000000	1	1	
1	224	35783.000000	0	3	
2	225	35783.000000	0	3	
0	226	36049.000000	0	1	
1	227	36049.000000	0	1	
2	228	36049.000000	0	1	
0	229	36448.000000	0	2	
1	230	36448.000000	0	2	
2	231	36448.000000	0	2	
0	232	36847.000000	1	3	
1	233	36847.000000	1	1	
1	234	36847.000000	1	2	
2	235	36847.000000	1	1	
2	236	36847.000000	1	2	
1	237	37645.000000	0	3	
2	238	37645.000000	0	3	
1	239	37911.000000	0	1	
2	240	37911.000000	0	1	
0	241	38177.000000	0	2	
1	242	38177.000000	0	2	
2	243	38177.000000	0	2	
2	244	38443.000000	0	1	
0	245	38576.000000	0	3	
0	246	38576.000000	0	4	
1	247	38576.000000	0	3	
1	248	38576.000000	0	4	
2	249	38576.000000	0	3	
2	250	38576.000000	0	4	
0	251	39773.000000	1	1	
1	252	39773.000000	1	1	
2	253	39773.000000	1	1	
1	254	40039.000000	0	3	
2	255	40039.000000	0	3	
0	256	40305.000000	0	1	
1	257	40305.000000	0	1	
2	258	40305.000000	0	1	
0	259	40704.000000	1	3	
1	260	40704.000000	1	3	
1	261	40704.000000	1	4	
2	262	40704.000000	1	3	
2	263	40704.000000	1	4	
0	264	41369.000000	0	2	
1	265	41369.000000	0	2	
2	266	41369.000000	0	2	
0	267	41768.000000	1	1	
1	268	41768.000000	1	3	
2	269	41768.000000	1	3	
0	270	42433.000000	1	2	
1	271	42433.000000	0	2	
2	272	42433.000000	0	2	
2	273	42699.000000	1	1	
0	274	42832.000000	1	3	
0	275	42832.000000	1	4	
1	276	42832.000000	1	3	
1	277	42832.000000	1	4	
2	278	42832.000000	1	3	
2	279	42832.000000	1	4	
0	280	44029.000000	1	1	
1	281	44029.000000	1	1	
2	282	44029.000000	1	1	
1	283	44295.000000	0	3	
2	284	44295.000000	0	3	
0	285	44561.000000	0	1	
1	286	44561.000000	0	1	
2	287	44561.000000	0	1	
0	288	44960.000000	0	2	
1	289	44960.000000	0	3	
2	290	44960.000000	0	3	
0	291	45358.000000	1	3	
1	292	45358.000000	1	1	
1	293	45358.000000	1	2	
2	294	45358.000000	1	1	
2	295	45358.000000	1	2	
1	296	46156.000000	0	3	
2	297	46156.000000	0	3	
1	298	46422.000000	0	1	
2	299	46422.000000	0	1	
0	300	46688.000000	0	2	
1	301	46688.000000	0	2	
2	302	46688.000000	0	2	
2	303	46954.000000	0	1	
0	304	47087.000000	0	3	
0	305	47087.000000	0	4	
1	306	47087.000000	0	3	
1	307	47087.000000	0	4	
2	308	47087.000000	0	3	
2	309	47087.000000	0	4	
0	310	48284.000000	1	1	
1	311	48284.000000	1	1	
2	312	48284.000000	1	1	
1	313	48550.000000	0	3	
2	314	48550.000000	0	3	
0	315	48816.000000	0	1	
1	316	48816.000000	0	1	
2	317	48816.000000	0	1	
0	318	49215.000000	1	3	
1	319	49215.000000	1	3	
1	320	49215.000000	1	4	
2	321	49215.000000	1	3	
2	322	49215.000000	1	4	
0	323	49880.000000	0	3	
1	324	49880.000000	0	2	
2	325	49880.000000	0	2	
0	326	50412.000000	1	2	
1	327	50412.000000	1	3	
2	328	50412.000000	1	3	
0	329	50944.000000	0	4	
1	330	50944.000000	0	4	
2	331	50944.000000	0	4	
0	332	51343.000000	1	2	
1	333	51343.000000	1	2	
2	334	51343.000000	1	2	
0	335	52008.000000	0	4	
1	336	52008.000000	0	4	
2	337	52008.000000	0	4	
0	338	52407.000000	1	1	
1	339	52407.000000	1	1	
2	340	52407.000000	0	1	
0	341	53072.000000	1	4	
1	342	53072.000000	1	4	
2	343	53072.000000	1	4	
0	344	53471.000000	0	3	
1	345	53471.000000	1	2	
2	346	53471.000000	1	2	
0	347	54136.000000	1	1	
0	348	54136.000000	1	2	
1	349	54136.000000	1	1	
1	350	54136.000000	1	2	
2	351	54136.000000	1	1	
2	352	54136.000000	1	2	
1	353	54402.000000	0	3	
2	354	54402.000000	0	3	
1	355	54668.000000	1	2	
2	356	54668.000000	1	2	
1	357	54934.000000	0	3	
2	358	54934.000000	1	1	
2	359	54934.000000	1	4	
0	360	55200.000000	0	3	
1	361	55200.000000	1	3	
2	362	55200.000000	1	3	
0	363	55598.000000	1	2	
1	364	55598.000000	1	2	
2	365	55598.000000	1	2	
0	366	56275.000000	0	3	
1	367	56275.000000	1	3	
2	368	56275.000000	1	3	
0	369	56705.000000	0	1	
1	370	56705.000000	0	1	
2	371	56705.000000	0	1	
0	372	57471.000000	1	3	
1	373	57471.000000	1	3	
2	374	57471.000000	1	3	
0	375	57962.000000	1	2	
1	376	57962.000000	1	2	
2	377	57962.000000	1	2	
0	378	58844.000000	1	1	
0	379	58844.000000	1	2	
1	380	58844.000000	1	1	
1	381	58844.000000	1	2	
2	382	58844.000000	1	1	
2	383	58844.000000	1	2	
0	384	59617.000000	0	1	
0	385	59617.000000	0	2	
1	386	59617.000000	0	1	
1	387	59617.000000	0	2	
2	388	59617.000000	0	1	
2	389	59617.000000	0	2	

0	390	62752.000000	1	3	
1	391	62752.000000	1	3	
2	392	62752.000000	1	3	
0	393	63284.000000	1	4	
1	394	63284.000000	0	3	
2	395	63284.000000	0	3	
0	396	63815.000000	0	3	
1	397	63815.000000	1	4	
2	398	63815.000000	1	4	
1	399	64081.000000	1	2	
2	400	64081.000000	1	2	
0	401	64347.000000	0	4	
1	402	64347.000000	1	3	
2	403	64347.000000	1	3	
1	404	64613.000000	1	1	
2	405	64613.000000	1	1	
0	406	64879.000000	1	1	
1	407	64879.000000	0	4	
2	408	64879.000000	0	4	
0	409	65411.000000	1	2	
1	410	65411.000000	0	2	
2	411	65411.000000	0	2	
0	412	65943.000000	0	1	
1	413	65943.000000	1	1	
2	414	65943.000000	1	1	
0	415	66475.000000	0	2	
1	416	66475.000000	1	2	
2	417	66475.000000	1	2	
StatSong complete.
