StatSong: !k_kirby.xm
0	1	0.000000	0	1	
1	2	0.000000	0	1	
2	3	0.000000	0	1	
0	4	802.000000	0	3	
1	5	802.000000	0	3	
2	6	802.000000	0	3	
0	7	1211.000000	0	2	
1	8	1211.000000	0	2	
2	9	1211.000000	0	2	
0	10	1621.000000	0	4	
1	11	1621.000000	0	4	
2	12	1621.000000	0	4	
0	13	2440.000000	1	2	
1	14	2440.000000	1	2	
2	15	2440.000000	1	2	
0	16	2850.000000	1	3	
1	17	2850.000000	1	3	
2	18	2850.000000	1	3	
0	19	3259.000000	0	1	
1	20	3259.000000	0	1	
2	21	3259.000000	0	1	
0	22	4078.000000	0	3	
1	23	4078.000000	0	3	
2	24	4078.000000	0	3	
0	25	4488.000000	0	2	
1	26	4488.000000	0	2	
2	27	4488.000000	0	2	
0	28	4898.000000	1	4	
1	29	4898.000000	1	4	
2	30	4898.000000	1	4	
0	31	5717.000000	1	1	
0	32	5717.000000	1	2	
1	33	5717.000000	1	1	
1	34	5717.000000	1	2	
2	35	5717.000000	1	1	
2	36	5717.000000	1	2	
0	37	6126.000000	1	1	
0	38	6126.000000	1	2	
1	39	6126.000000	0	3	
1	40	6126.000000	0	4	
2	41	6126.000000	0	1	
2	42	6126.000000	0	3	
1	43	6331.000000	0	1	
1	44	6331.000000	0	2	
0	45	6536.000000	1	3	
1	46	6536.000000	1	3	
2	47	6536.000000	1	3	
1	48	6946.000000	0	1	
2	49	6946.000000	0	1	
0	50	7355.000000	0	4	
1	51	7355.000000	1	4	
2	52	7355.000000	1	4	
2	53	7765.000000	0	2	
0	54	8174.000000	1	3	
1	55	8174.000000	1	3	
2	56	8174.000000	1	3	
1	57	8584.000000	0	4	
2	58	8584.000000	0	4	
0	59	8994.000000	1	1	
1	60	8994.000000	1	1	
2	61	8994.000000	1	1	
2	62	9403.000000	0	2	
0	63	9813.000000	0	3	
1	64	9813.000000	0	3	
2	65	9813.000000	0	3	
0	66	10018.000000	1	4	
1	67	10018.000000	1	4	
2	68	10018.000000	1	4	
0	69	10222.000000	1	3	
1	70	10222.000000	1	3	
2	71	10222.000000	1	3	
1	72	10632.000000	0	1	
2	73	10632.000000	0	1	
2	74	11042.000000	1	3	
0	75	11451.000000	0	2	
1	76	11451.000000	0	2	
2	77	11451.000000	0	2	
1	78	11656.000000	0	1	
2	79	11656.000000	0	1	
1	80	11861.000000	0	2	
2	81	11861.000000	0	2	
0	82	12270.000000	0	1	
1	83	12270.000000	1	1	
2	84	12270.000000	1	2	
2	85	12270.000000	1	4	
0	86	13090.000000	1	3	
1	87	13090.000000	1	3	
2	88	13090.000000	1	3	
1	89	13499.000000	0	1	
2	90	13499.000000	0	1	
0	91	13909.000000	0	4	
1	92	13909.000000	1	4	
2	93	13909.000000	1	4	
2	94	14318.000000	0	2	
0	95	14728.000000	1	3	
1	96	14728.000000	1	3	
2	97	14728.000000	1	3	
1	98	15138.000000	0	4	
2	99	15138.000000	0	4	
0	100	15547.000000	1	1	
1	101	15547.000000	1	1	
2	102	15547.000000	1	1	
2	103	15957.000000	0	2	
0	104	16366.000000	0	3	
1	105	16366.000000	0	3	
2	106	16366.000000	0	3	
0	107	16571.000000	1	4	
1	108	16571.000000	1	4	
2	109	16571.000000	1	4	
0	110	16776.000000	1	3	
1	111	16776.000000	1	3	
2	112	16776.000000	1	3	
1	113	17186.000000	0	1	
2	114	17186.000000	0	1	
2	115	17595.000000	1	3	
0	116	18005.000000	0	2	
1	117	18005.000000	0	2	
2	118	18005.000000	0	2	
1	119	18210.000000	0	1	
2	120	18210.000000	0	1	
1	121	18414.000000	0	2	
2	122	18414.000000	0	2	
0	123	18824.000000	0	1	
1	124	18824.000000	1	1	
2	125	18824.000000	1	2	
2	126	18824.000000	1	4	
0	127	19643.000000	0	1	
1	128	19643.000000	1	2	
2	129	19643.000000	1	2	
1	130	19848.000000	0	1	
2	131	19848.000000	0	1	
0	132	20053.000000	0	3	
1	133	20053.000000	0	3	
2	134	20053.000000	0	3	
1	135	20462.000000	1	1	
1	136	20462.000000	1	2	
2	137	20462.000000	1	1	
2	138	20462.000000	1	4	
0	139	21282.000000	1	1	
1	140	21282.000000	0	3	
2	141	21282.000000	0	3	
1	142	21486.000000	0	4	
2	143	21486.000000	0	4	
0	144	21691.000000	1	3	
1	145	21691.000000	1	1	
2	146	21691.000000	0	1	
0	147	22101.000000	1	2	
1	148	22101.000000	1	3	
1	149	22101.000000	1	4	
2	150	22101.000000	1	2	
2	151	22101.000000	1	4	
0	152	22510.000000	1	4	
0	153	22920.000000	0	1	
1	154	22920.000000	0	2	
2	155	22920.000000	0	2	
1	156	23125.000000	0	1	
2	157	23125.000000	0	1	
0	158	23330.000000	0	3	
1	159	23330.000000	0	3	
2	160	23330.000000	0	3	
2	161	23330.000000	0	4	
0	162	24558.000000	1	1	
1	163	24558.000000	0	3	
2	164	24558.000000	0	3	
1	165	24763.000000	0	4	
2	166	24763.000000	0	4	
0	167	24968.000000	1	3	
1	168	24968.000000	0	1	
2	169	24968.000000	1	1	
2	170	24968.000000	1	2	
0	171	25378.000000	1	2	
0	172	25787.000000	1	4	
0	173	26197.000000	1	1	
1	174	26197.000000	0	1	
2	175	26197.000000	0	1	
1	176	26606.000000	0	4	
2	177	26606.000000	0	4	
0	178	27016.000000	1	2	
1	179	27016.000000	1	2	
2	180	27016.000000	0	2	
2	181	27221.000000	1	1	
1	182	27426.000000	0	3	
2	183	27426.000000	0	3	
0	184	27835.000000	1	1	
0	185	27835.000000	1	2	
1	186	27835.000000	1	2	
2	187	27835.000000	1	2	
1	188	28245.000000	1	4	
2	189	28245.000000	1	4	
0	190	28654.000000	1	3	
0	191	28654.000000	1	4	
1	192	28654.000000	1	1	
2	193	28654.000000	1	1	
2	194	28859.000000	1	2	
1	195	29064.000000	1	3	
2	196	29064.000000	1	3	
0	197	29474.000000	0	2	
1	198	29474.000000	0	2	
2	199	29474.000000	0	2	
0	200	30293.000000	0	1	
1	201	30293.000000	0	1	
2	202	30293.000000	0	1	
0	203	31112.000000	0	1	
0	204	31112.000000	0	2	
1	205	31112.000000	0	1	
1	206	31112.000000	0	2	
2	207	31112.000000	1	1	
2	208	31112.000000	1	2	
0	209	31931.000000	1	3	
0	210	31931.000000	1	4	
1	211	31931.000000	1	3	
1	212	31931.000000	1	4	
2	213	31931.000000	1	3	
2	214	31931.000000	1	4	
0	215	32341.000000	0	3	
0	216	32341.000000	0	4	
1	217	32341.000000	0	3	
1	218	32341.000000	0	4	
2	219	32341.000000	0	3	
2	220	32341.000000	0	4	
0	221	32750.000000	1	3	
1	222	32750.000000	1	3	
2	223	32750.000000	1	3	
1	224	33160.000000	0	1	
2	225	33160.000000	0	1	
0	226	33570.000000	0	4	
1	227	33570.000000	1	4	
2	228	33570.000000	1	4	
2	229	33979.000000	0	2	
0	230	34389.000000	1	3	
1	231	34389.000000	1	3	
2	232	34389.000000	1	3	
1	233	34798.000000	0	4	
2	234	34798.000000	0	4	
0	235	35208.000000	1	1	
1	236	35208.000000	1	1	
2	237	35208.000000	1	1	
2	238	35618.000000	0	2	
0	239	36027.000000	0	3	
1	240	36027.000000	0	3	
2	241	36027.000000	0	3	
0	242	36232.000000	1	4	
1	243	36232.000000	1	4	
2	244	36232.000000	1	4	
0	245	36437.000000	1	3	
1	246	36437.000000	1	3	
2	247	36437.000000	1	3	
1	248	36846.000000	0	1	
2	249	36846.000000	0	1	
2	250	37256.000000	1	3	
0	251	37666.000000	0	2	
1	252	37666.000000	0	2	
2	253	37666.000000	0	2	
1	254	37870.000000	0	1	
2	255	37870.000000	0	1	
1	256	38075.000000	0	2	
2	257	38075.000000	0	2	
0	258	38485.000000	0	1	
1	259	38485.000000	1	1	
2	260	38485.000000	1	2	
2	261	38485.000000	1	4	
0	262	39304.000000	1	3	
1	263	39304.000000	1	3	
2	264	39304.000000	1	3	
1	265	39714.000000	0	1	
2	266	39714.000000	0	1	
0	267	40123.000000	0	4	
1	268	40123.000000	1	4	
2	269	40123.000000	1	4	
2	270	40533.000000	0	2	
0	271	40942.000000	1	3	
1	272	40942.000000	1	3	
2	273	40942.000000	1	3	
1	274	41352.000000	0	4	
2	275	41352.000000	0	4	
0	276	41762.000000	1	1	
1	277	41762.000000	1	1	
2	278	41762.000000	1	1	
2	279	42171.000000	0	2	
0	280	42581.000000	0	3	
1	281	42581.000000	0	3	
2	282	42581.000000	0	3	
0	283	42786.000000	1	4	
1	284	42786.000000	1	4	
2	285	42786.000000	1	4	
0	286	42990.000000	1	3	
1	287	42990.000000	1	3	
2	288	42990.000000	1	3	
1	289	43400.000000	0	1	
2	290	43400.000000	0	1	
2	291	43810.000000	1	3	
0	292	44219.000000	0	2	
1	293	44219.000000	0	2	
2	294	44219.000000	0	2	
1	295	44424.000000	0	1	
2	296	44424.000000	0	1	
1	297	44629.000000	0	2	
2	298	44629.000000	0	2	
0	299	45038.000000	0	1	
1	300	45038.000000	1	1	
2	301	45038.000000	1	2	
2	302	45038.000000	1	4	
0	303	45858.000000	0	1	
1	304	45858.000000	1	2	
2	305	45858.000000	1	2	
1	306	46062.000000	0	1	
2	307	46062.000000	0	1	
0	308	46267.000000	0	3	
1	309	46267.000000	0	3	
2	310	46267.000000	0	3	
1	311	46677.000000	1	1	
1	312	46677.000000	1	2	
2	313	46677.000000	1	1	
2	314	46677.000000	1	4	
0	315	47496.000000	1	1	
1	316	47496.000000	0	3	
2	317	47496.000000	0	3	
1	318	47701.000000	0	4	
2	319	47701.000000	0	4	
0	320	47906.000000	1	3	
1	321	47906.000000	1	1	
2	322	47906.000000	0	1	
0	323	48315.000000	1	2	
1	324	48315.000000	1	3	
1	325	48315.000000	1	4	
2	326	48315.000000	1	2	
2	327	48315.000000	1	4	
0	328	48725.000000	1	4	
0	329	49134.000000	0	1	
1	330	49134.000000	0	2	
2	331	49134.000000	0	2	
1	332	49339.000000	0	1	
2	333	49339.000000	0	1	
0	334	49544.000000	0	3	
1	335	49544.000000	0	3	
2	336	49544.000000	0	3	
2	337	49544.000000	0	4	
0	338	50773.000000	1	1	
1	339	50773.000000	0	3	
2	340	50773.000000	0	3	
1	341	50978.000000	0	4	
2	342	50978.000000	0	4	
0	343	51182.000000	1	3	
1	344	51182.000000	0	1	
2	345	51182.000000	1	1	
2	346	51182.000000	1	2	
0	347	51592.000000	1	2	
0	348	52002.000000	1	4	
0	349	52411.000000	1	1	
1	350	52411.000000	0	1	
2	351	52411.000000	0	1	
1	352	52821.000000	0	4	
2	353	52821.000000	0	4	
0	354	53230.000000	1	2	
1	355	53230.000000	1	2	
2	356	53230.000000	0	2	
2	357	53435.000000	1	1	
1	358	53640.000000	0	3	
2	359	53640.000000	0	3	
0	360	54050.000000	1	1	
0	361	54050.000000	1	2	
1	362	54050.000000	1	2	
2	363	54050.000000	1	2	
1	364	54459.000000	1	4	
2	365	54459.000000	1	4	
0	366	54869.000000	1	3	
0	367	54869.000000	1	4	
1	368	54869.000000	1	1	
2	369	54869.000000	1	1	
2	370	55074.000000	1	2	
1	371	55278.000000	1	3	
2	372	55278.000000	1	3	
0	373	55688.000000	0	2	
1	374	55688.000000	0	2	
2	375	55688.000000	0	2	
0	376	56507.000000	0	1	
1	377	56507.000000	0	1	
2	378	56507.000000	0	1	
0	379	57326.000000	0	1	
0	380	57326.000000	0	2	
1	381	57326.000000	0	1	
1	382	57326.000000	0	2	
2	383	57326.000000	1	1	
2	384	57326.000000	1	2	
0	385	58146.000000	1	3	
0	386	58146.000000	1	4	
1	387	58146.000000	1	3	
1	388	58146.000000	1	4	
2	389	58146.000000	1	3	
2	390	58146.000000	1	4	
0	391	58555.000000	0	3	
0	392	58555.000000	0	4	
1	393	58555.000000	0	3	
1	394	58555.000000	0	4	
2	395	58555.000000	0	3	
2	396	58555.000000	0	4	
0	397	58965.000000	0	1	
1	398	58965.000000	0	1	
2	399	58965.000000	0	1	
StatSong complete.
